251 251 251 251 251 251 251 251 251 251 251 251 251 251 251 251
251 251 251 251 251 251 251 251 251 251 251 251 251 251 251 251
251 251 251 251 251 251 251 251 251 251 251 251 251 251 251 251
251 251 251 251 251 251 251 251 251 251 251 251 251 251 251 251
251 251 251 251 251 251 251 251 251 251 251 251 251 251 251 251
251 251 251 251 251 251 251 251 251 251 251 251 251 251 251 251
251 251 251 251 251 251 251 251 251 251 251 251 251 251 251 251
251 251 251 251 251 251 251 251 251 251 251 251 251 251 251 251
251 251 251 251 251 251 251 251 251 251 251 251 251 251 251 251
251 251 251 251 251 251 251 251 251 251 251 251 022 044 044 044
251 251 251 251 251 251 251 251 251 251 251 251 044 044 044 044