251 251 251 251 251 251 251 251 251 251 251 251 251 251 251 251
251 251 251 251 251 251 251 251 251 251 251 251 251 251 251 251
251 251 251 251 251 251 251 251 251 251 251 251 251 251 251 251
251 251 251 251 251 251 251 251 251 251 251 251 251 251 251 251
251 251 251 251 251 251 251 251 251 251 251 251 251 251 251 251
251 251 251 251 251 251 251 251 251 251 251 251 251 251 251 251
251 251 251 251 251 251 251 251 251 251 251 251 251 251 251 251
251 251 251 251 251 251 251 251 251 251 251 251 251 251 251 251
251 251 251 251 251 251 251 251 251 251 251 251 251 251 251 251
044 044 044 044 044 044 044 044 044 044 044 044 044 044 044 044
044 044 044 044 044 044 044 044 044 044 044 044 044 044 044 044