164 164 161 161 161 161 161 161 161 161 161 161 161 161 164 164
164 164 161 161 161 161 161 161 161 161 161 161 161 161 164 164
164 164 161 161 161 161 161 161 161 161 161 161 161 161 164 164
164 164 161 161 161 161 161 161 161 161 161 161 161 161 164 164
164 164 161 161 161 161 161 161 161 161 161 161 161 161 164 164
164 164 161 161 161 161 161 161 161 161 161 161 161 161 164 164
164 164 161 161 161 161 161 161 161 161 161 161 161 161 164 164
164 164 161 161 161 161 161 161 161 161 161 161 161 161 164 164
164 164 161 161 161 161 161 161 161 161 161 161 161 161 164 164
164 164 161 161 161 161 161 161 161 161 161 161 161 161 164 164
164 164 161 161 161 161 161 161 161 161 161 161 161 161 164 164