251 251 251 251 251 251 251 251 251 251 251 251 251 251 251 251
251 251 251 251 251 251 251 251 251 251 251 251 251 251 251 251
251 251 251 251 251 251 251 251 251 251 251 251 251 251 251 251
251 251 251 251 251 251 251 251 251 251 251 251 251 251 251 251
251 251 251 251 251 251 251 251 251 251 251 251 251 251 251 251
251 251 251 251 251 251 251 251 251 251 251 251 251 251 251 251
251 251 251 251 251 251 251 251 251 251 251 251 251 251 251 251
251 251 251 251 251 251 251 251 251 251 251 251 251 251 251 251
251 251 251 251 251 251 251 251 251 251 251 251 251 251 251 251
044 020 251 251 251 251 251 251 251 251 251 251 251 251 251 251
044 044 251 251 251 251 251 251 251 251 251 251 251 251 251 251