044 044 251 251 251 251 251 251 251 251 251 251 251 251 254 254
044 044 251 251 251 251 251 251 251 251 251 251 251 251 242 254
044 044 251 251 251 251 251 251 251 251 251 251 251 251 251 251
044 044 251 251 251 251 251 251 251 251 251 251 251 251 251 251
044 044 251 251 251 251 251 251 251 251 251 251 251 251 251 251
044 000 251 251 251 251 251 251 251 251 251 251 251 251 251 251
251 251 251 251 251 251 251 251 251 251 251 251 251 251 251 251
251 251 251 251 251 251 251 251 251 251 251 251 251 251 251 251
251 251 251 251 251 251 251 251 251 251 251 251 251 251 251 251
251 251 251 251 251 251 251 251 251 251 251 251 251 251 251 251
251 251 251 251 251 251 251 251 251 251 251 251 251 251 251 251