254 254 044 044 044 044 044 044 044 044 044 044 044 044 044 284
254 254 044 044 044 044 044 044 044 044 044 044 044 044 044 284
251 251 044 044 044 044 044 044 044 044 044 044 044 044 044 284
251 251 044 044 044 044 044 044 044 044 044 044 044 044 044 284
251 251 044 044 044 044 044 044 044 044 044 044 044 044 044 284
251 251 044 044 044 044 044 044 044 044 044 044 044 044 044 284
251 251 044 044 044 044 044 044 044 044 044 044 044 044 044 284
251 251 044 044 044 044 044 044 044 044 044 044 044 044 044 284
251 251 044 044 044 044 044 044 044 044 044 044 044 044 044 284
251 251 044 044 044 044 044 044 044 044 044 044 044 044 044 284
251 251 044 044 044 044 044 044 044 044 044 044 044 044 044 284