284 161 161 131 131 131 131 131 131 131 131 267 267 267 267 267
284 161 161 131 131 131 131 131 131 131 131 267 267 267 267 267
284 161 161 131 131 131 131 131 131 131 131 267 267 267 267 267
284 161 161 131 131 131 131 131 131 131 131 267 267 267 267 267
284 161 161 131 131 131 131 131 131 131 131 267 267 267 267 267
284 161 161 131 131 131 131 131 131 131 131 267 267 267 267 267
284 161 161 131 131 131 131 131 131 131 131 267 267 267 267 267
284 161 161 131 131 131 131 131 131 131 131 267 267 267 267 267
284 161 161 131 131 131 131 131 131 131 131 267 267 267 267 267
284 161 161 131 131 131 131 131 131 131 131 267 267 267 267 267
284 161 161 131 131 131 131 131 131 131 131 267 267 267 267 267