191 191 191 191 191 191 191 191 191 191 191 191 191 191 191 254
191 191 191 191 191 191 191 191 191 191 191 191 191 191 191 254
191 191 191 191 191 191 191 191 191 191 191 191 191 191 191 254
191 191 191 191 191 191 191 191 191 191 191 191 191 191 191 254
191 191 191 191 191 191 191 191 191 191 191 191 191 191 191 254
191 191 191 191 191 191 191 191 191 191 191 191 191 191 191 254
191 191 191 191 191 191 191 191 191 191 191 191 191 191 191 254
191 191 191 191 191 191 191 191 191 191 191 191 191 191 191 254
191 191 191 191 191 191 191 191 191 191 191 191 191 191 191 254
191 191 191 191 191 191 191 191 191 191 191 191 191 191 191 254
191 191 191 191 191 191 191 191 191 191 191 191 191 191 191 254