131 131 131 131 131 131 131 131 131 131 131 267 267 267 267 267
131 131 131 131 131 131 131 131 131 131 131 267 267 267 267 267
131 131 131 131 131 131 131 131 131 131 131 267 267 267 267 267
131 131 131 131 131 131 131 131 131 131 131 267 267 267 267 267
131 131 131 131 131 131 131 131 131 131 131 267 267 267 267 267
131 131 131 131 131 131 131 131 131 131 131 267 267 267 267 267
267 267 267 267 267 267 267 267 267 267 267 267 267 267 267 267
267 267 267 267 267 267 267 267 267 267 267 267 267 267 267 267
267 267 267 267 267 267 267 267 267 267 267 267 267 267 267 267
267 267 267 267 267 267 267 267 267 267 267 267 267 267 267 267
267 267 267 267 267 267 267 267 267 267 267 267 267 267 267 267