284 284 284 284 284 284 284 284 284 284 284 284 284 284 284 284
044 044 044 044 044 044 044 044 044 044 044 044 044 044 044 044
044 044 044 044 044 044 044 044 044 044 044 044 044 044 044 044
044 044 044 044 044 044 044 044 044 044 044 044 044 044 044 044
044 044 044 044 044 044 044 044 044 044 044 044 044 044 044 044
044 044 044 044 044 044 044 044 044 044 044 044 044 044 044 044
044 044 044 044 044 044 044 044 044 044 044 044 044 044 044 044
044 044 044 044 044 044 044 044 044 044 044 044 044 044 044 044
044 044 044 044 044 044 044 044 044 044 044 044 044 044 044 044
044 044 044 044 044 044 044 044 044 044 044 044 044 044 044 044
044 044 044 044 044 044 044 044 044 044 044 044 044 044 044 044