267 267 267 267 267 267 267 267 267 267 267 267 267 161 161 284
267 267 267 267 267 267 267 267 267 267 267 267 267 161 161 284
267 267 267 267 267 267 267 267 267 267 267 163 163 161 161 284
267 267 267 267 267 267 267 267 267 267 267 163 163 161 161 284
267 267 267 267 267 267 267 267 267 267 267 163 163 161 161 284
267 267 267 267 267 267 267 267 267 267 267 163 163 161 161 284
267 267 267 267 267 267 267 267 267 267 267 163 163 161 161 284
267 267 267 267 267 267 267 267 267 267 267 163 163 161 161 284
267 267 267 267 267 267 267 267 267 267 267 163 163 161 161 284
267 267 267 267 267 267 267 267 267 267 267 163 163 161 161 284
267 267 267 267 267 267 267 267 267 267 267 163 163 161 161 284